1e+75,0.058892,1e+75
1e+75,0.058975,1e+75
1e+75,0.113342,1e+75
63,0.409542,1
63,0.409559,1
52,1.38394,1
46,1.822,1
38,2.584,1
31,3.20224,1
31,3.51145,1
29,3.84025,1
28,4.14133,1
27,4.51903,1
26,4.87593,1
26,5.06272,1
24,5.49924,1
23,5.75693,1
22,6.00553,1
21,6.22641,1
21,6.40621,1
19,6.70223,1
19,6.86716,1
16,7.03104,1
14,7.24228,1
14,7.3881,1
13,7.57118,1
11,7.89623,1
10,8.07326,1
9,8.26797,1
9,8.39411,1
8,8.65924,1
7,8.83108,1
6,8.97256,1
6,9.11379,1
6,9.22393,1
6,9.35277,1
5,9.49697,1
5,9.60272,1
5,9.67153,1
5,9.82949,1
5,9.93225,1
5,10.0113,1
4,10.1842,1
4,10.6326,1
4,10.7693,1
4,10.8908,1
4,11.0372,1
4,11.2833,1
4,11.5127,1
4,11.6917,1
4,11.8599,1
4,11.9898,1
4,12.0917,1
4,12.2292,1
4,12.3345,1
4,12.4983,1
4,12.6107,1
4,12.735,1
4,12.8883,1
4,13.1076,1
4,13.213,1
4,13.4819,1
4,13.612,1
4,14.0784,1
4,14.2181,1
4,14.3814,1
4,14.5601,1
4,14.6679,1
4,14.8281,1
4,14.894,1
4,15.0185,1
4,15.0979,1
4,15.2129,1
4,15.295,1
4,15.4716,1
4,15.7095,1
4,15.87,1
4,15.9736,1
4,16.2827,1
4,16.4564,1
4,16.5339,1
4,16.6949,1
4,16.7918,1
4,16.9236,1
4,17.0261,1
4,17.1655,1
4,17.2816,1
4,17.6241,1
4,17.7164,1
4,17.8326,1
4,17.9582,1
4,18.1843,1
4,18.2943,1
4,18.3984,1
4,18.5367,1
4,18.634,1
4,18.7343,1
4,18.8477,1
4,18.9767,1
4,19.0768,1
4,19.2387,1
4,19.3606,1
4,19.4548,1
4,19.5398,1
4,19.7019,1
4,19.83,1
4,19.9325,1
4,20.0008,1
4,20.1026,1
4,20.2627,1
4,20.3386,1
4,20.5129,1
4,20.6214,1
4,20.7363,1
4,20.8006,1
4,20.8833,1
4,20.9804,1
4,21.0743,1
4,21.358,1
4,21.5342,1
4,21.8242,1
4,21.9048,1
4,22.1997,1
4,22.3297,1
4,22.4398,1
4,22.5431,1
4,22.6531,1
4,22.7254,1
4,22.8317,1
4,22.9314,1
4,23.0366,1
4,23.1356,1
4,23.2394,1
4,23.4157,1
4,23.5091,1
4,23.6758,1
4,23.7663,1
4,23.8696,1
4,23.9369,1
4,24.0057,1
4,24.0879,1
4,24.2073,1
4,24.3459,1
4,24.5114,1
4,24.5857,1
4,24.6775,1
4,24.7984,1
4,24.9631,1
4,25.225,1
4,25.3813,1
4,25.557,1
4,25.6728,1
4,25.7559,1
4,25.8485,1
4,25.9253,1
4,26.0821,1
4,26.1858,1
4,26.2586,1
4,26.3649,1
4,26.4504,1
4,26.5475,1
4,26.6461,1
4,26.7171,1
4,26.8012,1
4,26.9213,1
4,27.0337,1
4,27.1552,1
4,27.256,1
4,27.3605,1
4,27.4782,1
4,27.5914,1
4,27.6949,1
4,27.8185,1
4,27.9356,1
4,28.0089,1
4,28.1324,1
4,28.2276,1
4,28.3055,1
4,28.464,1
4,28.5631,1
4,28.7509,1
4,28.872,1
4,28.9717,1
4,29.1217,1
4,29.2854,1
4,29.4081,1
4,29.5366,1
4,29.7577,1
4,29.8929,1
4,29.9748,1
4,30.2962,1
4,30.4293,1
4,30.6364,1
4,30.7822,1
4,30.9125,1
4,30.9946,1
4,31.1442,1
4,31.2153,1
4,31.3058,1
4,31.4293,1
4,31.579,1
4,31.6834,1
4,31.7939,1
4,31.9531,1
4,32.0941,1
4,32.1906,1
4,32.2735,1
4,32.442,1
4,32.5247,1
4,32.6406,1
4,32.8129,1
4,32.934,1
4,33.0348,1
4,33.2318,1
4,33.4261,1
4,33.5253,1
4,33.6403,1
4,33.7252,1
4,33.8473,1
4,33.9483,1
4,34.0734,1
4,34.2063,1
4,34.3469,1
4,34.4745,1
4,34.6567,1
4,34.7993,1
4,34.9252,1
4,35.0159,1
4,35.2144,1
4,35.3038,1
4,35.3762,1
4,35.4452,1
4,35.5225,1
4,35.6254,1
4,35.7176,1
4,35.7913,1
4,35.8788,1
4,35.962,1
4,36.0637,1
4,36.2634,1
4,36.3283,1
4,36.4664,1
4,36.5828,1
4,36.6999,1
4,36.8113,1
4,37.0247,1
4,37.206,1
4,37.3053,1
4,37.415,1
4,37.6756,1
4,37.9054,1
4,37.9883,1
4,38.1422,1
4,38.3534,1
4,38.4587,1
4,38.5751,1
4,38.6791,1
4,38.8844,1
4,38.9853,1
4,39.1908,1
4,39.3715,1
4,39.6214,1
4,39.7866,1
4,39.9242,1
4,40.0054,1
4,40.1623,1
4,40.3508,1
4,40.4839,1
4,40.5735,1
4,40.7175,1
4,40.8637,1
4,40.9838,1
4,41.1235,1
4,41.2352,1
4,41.3297,1
4,41.4698,1
4,41.6235,1
4,41.7322,1
4,41.8705,1
4,41.9739,1
4,42.0518,1
4,42.1768,1
4,42.3083,1
4,42.4296,1
4,42.5253,1
4,42.6641,1
4,42.7986,1
4,42.9136,1
4,43.0079,1
4,43.1781,1
4,43.2642,1
4,43.371,1
4,43.5272,1
4,43.6527,1
4,43.7917,1
4,43.9496,1
4,44.1263,1
4,44.267,1
4,44.433,1
4,44.5689,1
4,44.752,1
4,44.8762,1
4,44.9815,1
4,45.1758,1
4,45.2535,1
4,45.3744,1
4,45.4761,1
4,45.5825,1
4,45.7919,1
4,45.9094,1
4,46.0043,1
4,46.1314,1
4,46.2729,1
4,46.4423,1
4,46.5427,1
4,46.6667,1
4,46.7634,1
4,46.8865,1
4,47.0174,1
4,47.1953,1
4,47.3372,1
4,47.45,1
4,47.5502,1
4,47.7035,1
4,47.8286,1
4,47.9316,1
4,48.0804,1
4,48.1872,1
4,48.2598,1
4,48.3545,1
4,48.4269,1
4,48.5059,1
4,48.6269,1
4,48.7492,1
4,48.8423,1
4,48.9371,1
4,49.0294,1
4,49.0916,1
4,49.1831,1
4,49.2671,1
4,49.3871,1
4,49.4941,1
4,49.6307,1
4,49.7458,1
4,49.9163,1
4,50.0009,1
4,50.0696,1
4,50.154,1
4,50.238,1
4,50.3877,1
4,50.5674,1
4,50.6725,1
4,50.819,1
4,50.9548,1
4,51.0812,1
4,51.1526,1
4,51.2285,1
4,51.4673,1
4,51.7032,1
4,51.8381,1
4,51.9815,1
4,52.1667,1
4,52.2837,1
4,52.3919,1
4,52.633,1
4,52.6847,1
4,52.8681,1
4,52.9963,1
4,53.1398,1
4,53.33,1
4,53.537,1
4,53.681,1
4,53.8041,1
4,53.9255,1
4,54.0816,1
4,54.3283,1
4,54.4597,1
4,54.6327,1
4,54.8726,1
4,55.0156,1
4,55.1561,1
4,55.3287,1
4,55.4098,1
4,55.5484,1
4,55.6849,1
4,55.7561,1
4,55.8916,1
4,56.0431,1
4,56.1848,1
4,56.2873,1
4,56.3919,1
4,56.5252,1
4,56.6737,1
4,56.7928,1
4,56.9224,1
4,57.0416,1
4,57.1871,1
4,57.3828,1
4,57.6059,1
4,57.78,1
4,57.8813,1
4,58.0513,1
4,58.1522,1
4,58.2563,1
4,58.3395,1
4,58.4286,1
4,58.547,1
4,58.7251,1
4,58.8068,1
4,58.8867,1
4,58.9889,1
4,59.0711,1
4,59.1739,1
4,59.2758,1
4,59.3518,1
4,59.4336,1
4,59.511,1
4,59.6356,1
4,59.7137,1
4,59.7934,1
4,59.8701,1
4,59.98,1
4,60.0811,1
4,60.1863,1
4,60.2936,1
4,60.6057,1
4,60.7422,1
4,60.8653,1
4,60.9757,1
4,61.1501,1
4,61.245,1
4,61.3605,1
4,61.4554,1
4,61.5449,1
4,61.6941,1
4,61.8447,1
4,61.9717,1
4,62.1049,1
4,62.2758,1
4,62.3769,1
4,62.466,1
4,62.6284,1
4,62.7159,1
4,62.8191,1
4,62.9058,1
4,63.0499,1
4,63.1527,1
4,63.3014,1
4,63.5258,1
4,63.6449,1
4,63.7615,1
4,63.8783,1
4,64.0427,1
4,64.3127,1
4,64.4984,1
4,64.6303,1
4,64.7664,1
4,64.8882,1
4,65.0018,1
4,65.1522,1
4,65.2473,1
4,65.3518,1
4,65.4617,1
4,65.5542,1
4,65.7567,1
4,65.9292,1
4,66.106,1
4,66.1798,1
4,66.3461,1
4,66.4711,1
4,66.5304,1
4,66.6036,1
4,66.6725,1
4,66.7403,1
4,66.8194,1
4,67.0065,1
4,67.1006,1
4,67.2171,1
4,67.3876,1
4,67.5053,1
4,67.6081,1
4,67.881,1
4,68.1063,1
4,68.2606,1
4,68.3791,1
4,68.4586,1
4,68.5497,1
4,68.6713,1
4,68.8304,1
4,68.9901,1
4,69.0728,1
4,69.3416,1
4,69.5265,1
4,69.6095,1
4,69.7164,1
4,69.8457,1
4,69.996,1
4,70.1058,1
4,70.2158,1
4,70.366,1
4,70.4689,1
4,70.5687,1
4,70.6923,1
4,70.8186,1
4,70.9301,1
4,71.072,1
4,71.1636,1
4,71.276,1
4,71.4081,1
4,71.4761,1
4,71.5906,1
4,71.706,1
4,71.8631,1
4,71.931,1
4,72.0026,1
4,72.0928,1
4,72.1958,1
4,72.3365,1
4,72.5042,1
4,72.5931,1
4,72.7004,1
4,72.824,1
4,72.9696,1
4,73.08,1
4,73.4106,1
4,73.5835,1
4,73.6761,1
4,73.7445,1
4,74.0827,1
4,74.2341,1
4,74.3514,1
4,74.4353,1
4,74.5567,1
4,74.6533,1
4,74.7769,1
4,74.8871,1
4,74.9863,1
4,75.0876,1
4,75.1894,1
4,75.296,1
4,75.4023,1
4,75.5436,1
4,75.6269,1
4,75.7546,1
4,75.8734,1
4,75.9533,1
4,76.0646,1
4,76.143,1
4,76.2629,1
4,76.3355,1
4,76.6126,1
4,76.7162,1
4,76.8335,1
4,76.9344,1
4,77.2483,1
4,77.5043,1
4,77.611,1
4,77.7237,1
4,77.8394,1
4,77.9676,1
4,78.0531,1
4,78.1852,1
4,78.3146,1
4,78.413,1
4,78.5108,1
4,78.6572,1
4,78.7765,1
4,78.8761,1
4,78.9785,1
4,79.0981,1
4,79.2282,1
4,79.345,1
4,79.4541,1
4,79.5602,1
4,79.6698,1
4,79.8157,1
4,79.9327,1
4,80.073,1
4,80.1922,1
4,80.3018,1
4,80.3892,1
4,80.5347,1
4,80.6345,1
4,80.7437,1
4,80.8652,1
4,80.9886,1
4,81.0836,1
4,81.1656,1
4,81.2661,1
4,81.3513,1
4,81.4757,1
4,81.5703,1
4,81.6961,1
4,81.8586,1
4,81.9619,1
4,82.0935,1
4,82.1676,1
4,82.2768,1
4,82.3967,1
4,82.545,1
4,82.6527,1
4,82.7419,1
4,82.8368,1
4,82.9429,1
4,83.0531,1
4,83.1495,1
4,83.2698,1
4,83.3484,1
4,83.4597,1
4,83.5492,1
4,83.6442,1
4,83.7869,1
4,83.9058,1
4,83.9932,1
4,84.1192,1
4,84.2279,1
4,84.3303,1
4,84.3987,1
4,84.5264,1
4,84.6379,1
4,84.7379,1
4,84.8518,1
4,84.9856,1
4,85.0976,1
4,85.2736,1
4,85.4154,1
4,85.5184,1
4,85.7027,1
4,85.8417,1
4,86.0162,1
4,86.1626,1
4,86.2578,1
4,86.3726,1
4,86.4747,1
4,86.5754,1
4,86.7524,1
4,86.8405,1
4,86.9263,1
4,87.0123,1
4,87.0953,1
4,87.2419,1
4,87.3777,1
4,87.561,1
4,87.6663,1
4,87.7744,1
4,87.893,1
4,87.9905,1
4,88.1092,1
4,88.2246,1
4,88.3299,1
4,88.4659,1
4,88.585,1
4,88.6855,1
4,88.8277,1
4,88.9556,1
4,89.0879,1
4,89.1927,1
4,89.2947,1
4,89.3907,1
4,89.5226,1
4,89.6714,1
4,89.7892,1
4,89.9275,1
4,89.9927,1
4,90.1038,1
4,90.1985,1
4,90.289,1
4,90.3857,1
4,90.4764,1
4,90.595,1
4,90.7424,1
4,90.8551,1
4,91.0344,1
4,91.1939,1
4,91.3221,1
4,91.5106,1
4,91.6037,1
4,91.7441,1
4,91.8374,1
4,91.9137,1
4,92.0309,1
4,92.1496,1
4,92.265,1
4,92.3926,1
4,92.602,1
4,92.7394,1
4,92.9195,1
4,93.0185,1
4,93.1421,1
4,93.2693,1
4,93.3796,1
4,93.5004,1
4,93.6056,1
4,93.7236,1
4,93.8588,1
4,94.023,1
4,94.1137,1
4,94.2276,1
4,94.3445,1
4,94.4554,1
4,94.6066,1
4,94.7242,1
4,94.8506,1
4,94.9594,1
4,95.0436,1
4,95.1498,1
4,95.3136,1
4,95.4256,1
4,95.5504,1
4,95.6406,1
4,95.7448,1
4,95.8444,1
4,95.933,1
4,96.0396,1
4,96.1556,1
4,96.2552,1
4,96.3587,1
4,96.4509,1
4,96.5487,1
4,96.6557,1
4,96.7373,1
4,96.8605,1
4,96.9644,1
4,97.0349,1
4,97.1678,1
4,97.289,1
4,97.3796,1
4,97.4963,1
4,97.598,1
4,97.7074,1
4,97.8343,1
4,97.9606,1
4,98.0687,1
4,98.2075,1
4,98.3064,1
4,98.3984,1
4,98.525,1
4,98.645,1
4,98.7537,1
4,98.8863,1
4,98.9681,1
4,99.0705,1
4,99.1509,1
4,99.2786,1
4,99.3732,1
4,99.5456,1
4,99.633,1
4,99.7827,1
4,99.9052,1
4,100.012,1
4,100.135,1
4,100.28,1
4,100.374,1
4,100.507,1
4,100.624,1
4,100.778,1
4,100.894,1
4,101.035,1
4,101.133,1
4,101.265,1
4,101.378,1
4,101.504,1
4,101.639,1
4,101.798,1
4,101.909,1
4,102.108,1
4,102.238,1
4,102.324,1
4,102.435,1
4,102.537,1
4,102.639,1
4,102.745,1
4,102.86,1
4,102.98,1
4,103.06,1
4,103.181,1
4,103.272,1
4,103.398,1
4,103.501,1
4,103.614,1
4,103.712,1
4,103.834,1
4,103.949,1
4,104.033,1
4,104.134,1
4,104.258,1
4,104.362,1
4,104.467,1
4,104.641,1
4,104.803,1
4,104.925,1
4,105.097,1
4,105.193,1
4,105.362,1
4,105.482,1
4,105.603,1
4,105.701,1
4,105.849,1
4,105.966,1
4,106.086,1
4,106.272,1
4,106.432,1
4,106.545,1
4,106.68,1
4,106.809,1
4,106.992,1
4,107.128,1
4,107.262,1
4,107.388,1
4,107.538,1
4,107.639,1
4,107.78,1
4,107.912,1
4,108.047,1
4,108.169,1
4,108.262,1
4,108.364,1
4,108.505,1
4,108.701,1
4,108.844,1
4,108.959,1
4,109.076,1
4,109.317,1
4,109.435,1
4,109.57,1
4,109.699,1
4,109.839,1
4,109.957,1
4,110.127,1
4,110.271,1
4,110.37,1
4,110.488,1
4,110.66,1
4,110.774,1
4,110.922,1
4,111.096,1
4,111.222,1
4,111.338,1
4,111.518,1
4,111.674,1
4,111.776,1
4,111.91,1
4,112.048,1
4,112.15,1
4,112.272,1
4,112.424,1
4,112.505,1
4,112.661,1
4,112.826,1
4,112.967,1
4,113.156,1
4,113.273,1
4,113.428,1
4,113.514,1
4,113.622,1
4,113.719,1
4,113.833,1
4,113.952,1
4,114.077,1
4,114.222,1
4,114.348,1
4,114.458,1
4,114.535,1
4,114.664,1
4,114.818,1
4,114.946,1
4,115.097,1
4,115.199,1
4,115.3,1
4,115.438,1
4,115.515,1
4,115.684,1
4,115.842,1
4,115.951,1
4,116.041,1
4,116.164,1
4,116.309,1
4,116.418,1
4,116.501,1
4,116.614,1
4,116.693,1
4,116.828,1
4,116.962,1
4,117.07,1
4,117.252,1
4,117.352,1
4,117.486,1
4,117.598,1
4,117.736,1
4,117.87,1
4,118.058,1
4,118.152,1
4,118.236,1
4,118.361,1
4,118.487,1
4,118.616,1
4,118.729,1
4,118.834,1
4,118.975,1
4,119.081,1
4,119.236,1
4,119.377,1
4,119.503,1
4,119.633,1
4,119.741,1
4,119.844,1
4,119.921,1
4,120.013,1
4,120.157,1
4,120.28,1
4,120.409,1
4,120.549,1
4,120.651,1
4,120.781,1
4,120.909,1
4,121.055,1
4,121.158,1
4,121.303,1
4,121.445,1
4,121.587,1
4,121.715,1
4,121.892,1
4,122.03,1
4,122.225,1
4,122.352,1
4,122.59,1
4,122.813,1
4,122.958,1
4,123.088,1
4,123.273,1
4,123.386,1
4,123.529,1
4,123.662,1
4,123.789,1
4,123.89,1
4,124.041,1
4,124.112,1
4,124.285,1
4,124.468,1
4,124.594,1
4,124.692,1
4,124.823,1
4,124.908,1
4,125.041,1
4,125.176,1
4,125.383,1
4,125.465,1
4,125.599,1
4,125.728,1
4,125.835,1
4,125.967,1
4,126.064,1
4,126.194,1
4,126.374,1
4,126.556,1
4,126.637,1
4,126.815,1
4,126.962,1
4,127.118,1
4,127.229,1
4,127.318,1
4,127.46,1
4,127.592,1
4,127.704,1
4,127.857,1
4,127.978,1
4,128.104,1
4,128.223,1
4,128.34,1
4,128.46,1
4,128.597,1
4,128.725,1
4,128.832,1
4,128.95,1
4,129.076,1
4,129.176,1
4,129.347,1
4,129.484,1
4,129.635,1
4,129.733,1
4,129.873,1
4,129.979,1
4,130.094,1
4,130.273,1
4,130.41,1
4,130.542,1
4,130.695,1
4,130.753,1
4,130.9,1
4,130.976,1
4,131.241,1
4,131.443,1
4,131.616,1
4,131.758,1
4,131.923,1
4,132.06,1
4,132.158,1
4,132.349,1
4,132.497,1
4,132.605,1
4,132.791,1
4,132.951,1
4,133.198,1
4,133.299,1
4,133.449,1
4,133.607,1
4,133.695,1
4,133.848,1
4,134.196,1
4,134.401,1
4,134.61,1
4,134.731,1
4,134.877,1
4,134.985,1
4,135.111,1
4,135.227,1
4,135.349,1
4,135.468,1
4,135.629,1
4,135.759,1
4,135.967,1
4,136.126,1
4,136.333,1
4,136.494,1
4,136.613,1
4,136.718,1
4,136.842,1
4,136.951,1
4,137.047,1
4,137.185,1
4,137.306,1
4,137.408,1
4,137.519,1
4,137.665,1
4,137.772,1
4,137.93,1
4,138.091,1
4,138.2,1
4,138.305,0.994186
4,138.412,0.986111
4,138.52,0.979167
4,138.66,0.972222
4,138.731,0.970588
4,138.845,0.970588
4,138.966,0.958333
4,139.053,0.954545
4,139.16,0.954545
4,139.234,0.954545
4,139.334,0.95
4,139.462,0.95
4,139.562,0.95
4,139.673,0.95
4,139.792,0.95
4,139.92,0.95
4,140.052,0.95
4,140.178,0.942308
4,140.285,0.942308
4,140.386,0.934556
4,140.494,0.928571
4,140.596,0.928571
4,140.683,0.926692
4,140.802,0.923077
4,140.946,0.923077
4,141.093,0.918317
4,141.194,0.916667
4,141.294,0.916667
4,141.393,0.916667
4,141.49,0.916667
4,141.6,0.914384
4,141.689,0.9
4,141.782,0.9
4,141.874,0.9
4,141.959,0.875
4,142.083,0.875
4,142.205,0.875
4,142.328,0.875
4,142.422,0.875
4,142.563,0.875
4,142.732,0.875
4,142.847,0.867647
4,142.979,0.857143
4,143.086,0.857143
4,143.165,0.857143
4,143.283,0.857143
4,143.395,0.857143
4,143.528,0.848684
4,143.587,0.846154
4,143.677,0.846154
4,143.795,0.833333
4,143.907,0.833333
4,143.989,0.833333
4,144.107,0.833333
4,144.239,0.833333
4,144.35,0.833333
4,144.456,0.833333
4,144.576,0.833333
4,144.683,0.818182
4,144.781,0.803929
4,144.891,0.8
4,144.991,0.8
4,145.076,0.8
4,145.14,0.793103
4,145.246,0.75
4,145.338,0.75
4,145.442,0.75
4,145.505,0.75
4,145.603,0.75
4,145.716,0.75
4,145.817,0.75
4,145.919,0.75
4,146.025,0.75
4,146.108,0.75
4,146.192,0.75
4,146.309,0.75
4,146.439,0.75
4,146.579,0.75
4,146.676,0.75
4,146.751,0.75
4,146.849,0.75
4,146.986,0.75
4,147.084,0.75
4,147.165,0.75
4,147.3,0.75
4,147.399,0.75
4,147.502,0.75
4,147.621,0.75
4,147.724,0.75
4,147.805,0.75
4,147.892,0.75
4,147.989,0.75
4,148.085,0.75
4,148.195,0.75
4,148.293,0.75
4,148.384,0.75
4,148.529,0.75
4,148.647,0.75
4,148.728,0.75
4,148.837,0.75
4,148.932,0.75
4,149.008,0.75
4,149.087,0.75
4,149.183,0.75
4,149.276,0.75
4,149.389,0.75
4,149.54,0.75
4,149.651,0.75
4,149.757,0.75
4,149.875,0.75
4,149.969,0.75
4,150.084,0.75
4,150.148,0.75
4,150.235,0.75
4,150.345,0.75
4,150.47,0.75
4,150.558,0.75
4,150.673,0.75
4,150.796,0.75
4,150.884,0.75
4,150.972,0.75
4,151.076,0.75
4,151.167,0.75
4,151.271,0.75
4,151.372,0.75
4,151.487,0.75
4,151.583,0.75
4,151.676,0.75
4,151.804,0.75
4,151.899,0.75
4,152.012,0.75
4,152.125,0.75
4,152.201,0.75
4,152.308,0.75
4,152.405,0.75
4,152.507,0.75
4,152.6,0.75
4,152.694,0.75
4,152.799,0.75
4,152.894,0.75
4,152.986,0.75
4,153.075,0.75
4,153.193,0.75
4,153.294,0.75
4,153.403,0.75
4,153.533,0.75
4,153.616,0.75
4,153.696,0.75
4,153.798,0.75
4,153.873,0.75
4,153.984,0.75
4,154.064,0.75
4,154.23,0.75
4,154.299,0.75
4,154.396,0.75
4,154.493,0.75
4,154.578,0.75
4,154.73,0.75
4,154.788,0.75
4,154.913,0.75
4,155.013,0.75
4,155.125,0.75
4,155.233,0.75
4,155.318,0.75
4,155.437,0.75
4,155.525,0.75
4,155.624,0.75
4,155.743,0.75
4,155.816,0.75
4,155.897,0.75
4,155.994,0.75
4,156.105,0.75
4,156.21,0.75
4,156.336,0.75
4,156.437,0.75
4,156.556,0.75
4,156.666,0.75
4,156.793,0.75
4,156.876,0.75
4,156.974,0.75
4,157.075,0.75
4,157.168,0.75
4,157.246,0.75
4,157.352,0.75
4,157.44,0.75
4,157.517,0.75
4,157.597,0.75
4,157.702,0.75
4,157.823,0.75
4,157.901,0.75
4,157.972,0.75
3,158.109,0.666667
3,158.214,0.666667
3,158.341,0.666667
3,158.474,0.666667
3,158.594,0.666667
3,158.693,0.666667
3,158.785,0.666667
3,158.899,0.666667
3,159.03,0.666667
3,159.118,0.666667
3,159.2,0.666667
3,159.322,0.666667
3,159.448,0.666667
3,159.536,0.666667
3,159.639,0.666667
3,159.741,0.666667
3,159.812,0.666667
3,159.917,0.666667
3,160.027,0.666667
3,160.116,0.666667
3,160.202,0.666667
3,160.296,0.666667
3,160.398,0.666667
3,160.525,0.666667
3,160.598,0.666667
3,160.673,0.666667
3,160.787,0.666667
3,160.886,0.666667
3,161.007,0.666667
3,161.1,0.666667
3,161.203,0.666667
3,161.345,0.666667
3,161.445,0.666667
3,161.54,0.666667
3,161.634,0.666667
3,161.724,0.666667
3,161.827,0.666667
3,161.942,0.666667
3,162.037,0.666667
3,162.132,0.666667
3,162.242,0.666667
3,162.339,0.666667
3,162.445,0.666667
3,162.562,0.666667
3,162.701,0.666667
3,162.842,0.666667
3,162.977,0.666667
3,163.08,0.666667
3,163.204,0.666667
3,163.294,0.666667
3,163.41,0.666667
3,163.551,0.666667
3,163.72,0.666667
3,163.821,0.666667
3,163.948,0.666667
3,164.049,0.666667
3,164.161,0.666667
3,164.288,0.666667
3,164.406,0.666667
3,164.482,0.666667
3,164.612,0.666667
3,164.689,0.666667
3,164.831,0.666667
3,164.906,0.666667
3,165.014,0.666667
3,165.095,0.666667
3,165.25,0.666667
3,165.322,0.666667
3,165.471,0.666667
3,165.594,0.666667
3,165.668,0.666667
3,165.786,0.666667
3,165.908,0.666667
3,166.019,0.666667
3,166.117,0.666667
3,166.247,0.666667
3,166.404,0.666667
3,166.519,0.666667
3,166.619,0.666667
3,166.7,0.666667
3,166.825,0.666667
3,166.96,0.666667
3,167.093,0.666667
3,167.196,0.666667
3,167.302,0.666667
3,167.439,0.666667
3,167.522,0.666667
3,167.629,0.666667
3,167.772,0.666667
3,167.921,0.666667
3,168.026,0.666667
3,168.116,0.666667
3,168.199,0.666667
3,168.293,0.666667
3,168.376,0.666667
3,168.482,0.666667
3,168.605,0.666667
3,168.65,0.666667
3,168.723,0.666667
3,168.794,0.666667
3,168.865,0.666667
3,169.038,0.666667
3,169.178,0.666667
3,169.307,0.666667
3,169.44,0.666667
3,169.591,0.666667
3,169.717,0.666667
3,169.82,0.666667
3,169.954,0.666667
3,170.057,0.666667
3,170.133,0.666667
3,170.246,0.666667
3,170.37,0.666667
3,170.468,0.666667
3,170.6,0.666667
3,170.69,0.666667
3,170.782,0.666667
3,170.908,0.666667
3,171.019,0.666667
3,171.181,0.666667
3,171.333,0.666667
3,171.45,0.666667
3,171.563,0.666667
3,171.661,0.666667
3,171.767,0.666667
3,171.828,0.666667
3,171.987,0.666667
3,172.086,0.666667
3,172.223,0.666667
3,172.36,0.666667
3,172.455,0.666667
3,172.628,0.666667
3,172.803,0.666667
3,172.907,0.666667
3,172.98,0.666667
3,173.088,0.666667
3,173.18,0.666667
3,173.271,0.666667
3,173.353,0.666667
3,173.436,0.666667
3,173.562,0.666667
3,173.696,0.666667
3,173.838,0.666667
3,173.993,0.666667
3,174.119,0.666667
3,174.273,0.666667
3,174.395,0.666667
3,174.496,0.666667
3,174.653,0.666667
3,174.762,0.666667
3,174.908,0.666667
3,175.01,0.666667
3,175.124,0.666667
3,175.244,0.666667
3,175.363,0.666667
3,175.46,0.666667
3,175.609,0.666667
3,175.679,0.666667
3,175.754,0.666667
3,175.831,0.666667
3,175.973,0.666667
3,176.089,0.666667
3,176.201,0.666667
3,176.361,0.666667
3,176.451,0.666667
3,176.565,0.666667
3,176.645,0.666667
3,176.716,0.666667
3,176.829,0.666667
3,176.918,0.666667
3,176.993,0.666667
3,177.046,0.666667
3,177.241,0.666667
3,177.361,0.666667
3,177.488,0.666667
3,177.619,0.666667
3,177.75,0.666667
3,177.841,0.666667
3,177.963,0.666667
3,178.156,0.666667
3,178.291,0.666667
3,178.398,0.666667
3,178.5,0.666667
3,178.645,0.666667
3,178.76,0.666667
3,178.874,0.666667
3,179.012,0.666667
3,179.18,0.666667
3,179.309,0.666667
3,179.364,0.666667
3,179.577,0.666667
3,179.717,0.666667
3,179.798,0.666667
3,179.948,0.666667
3,180.106,0.666667
3,180.243,0.666667
3,180.339,0.666667
3,180.476,0.666667
3,180.652,0.666667
3,180.773,0.666667
3,180.902,0.666667
3,181.056,0.666667
3,181.184,0.666667
3,181.293,0.666667
3,181.413,0.666667
3,181.499,0.666667
3,181.655,0.666667
3,181.704,0.666667
3,181.797,0.666667
3,181.881,0.666667
3,181.962,0.666667
3,182.013,0.666667
3,182.137,0.666667
3,182.263,0.666667
3,182.417,0.666667
3,182.567,0.666667
3,182.686,0.666667
3,182.803,0.666667
3,182.965,0.666667
3,183.08,0.666667
3,183.218,0.666667
3,183.318,0.666667
3,183.439,0.666667
3,183.567,0.666667
3,183.678,0.666667
3,183.859,0.666667
3,184.04,0.666667
3,184.246,0.666667
3,184.352,0.666667
3,184.48,0.666667
3,184.66,0.666667
3,184.785,0.666667
3,184.979,0.666667
3,185.082,0.666667
3,185.227,0.666667
3,185.352,0.666667
3,185.497,0.666667
3,185.605,0.666667
3,185.725,0.666667
3,185.837,0.666667
3,185.949,0.666667
3,186.114,0.666667
3,186.262,0.666667
3,186.405,0.666667
3,186.543,0.666667
3,186.691,0.666667
3,186.836,0.666667
3,186.973,0.666667
3,187.118,0.666667
3,187.231,0.666667
3,187.372,0.666667
3,187.476,0.666667
3,187.646,0.666667
3,187.748,0.666667
3,187.87,0.666667
3,187.974,0.666667
3,188.115,0.666667
3,188.249,0.666667
3,188.395,0.666667
3,188.535,0.666667
3,188.704,0.666667
3,188.87,0.666667
3,188.974,0.666667
3,189.135,0.666667
3,189.289,0.666667
3,189.436,0.666667
3,189.604,0.666667
3,189.745,0.666667
3,189.889,0.666667
3,190.063,0.666667
3,190.224,0.666667
3,190.33,0.666667
3,190.42,0.666667
3,190.531,0.666667
3,190.649,0.666667
3,190.83,0.666667
3,190.95,0.666667
3,191.065,0.666667
3,191.292,0.666667
3,191.46,0.666667
3,191.564,0.666667
3,191.655,0.666667
3,191.785,0.666667
3,191.897,0.666667
3,192.013,0.666667
3,192.175,0.666667
3,192.334,0.666667
3,192.487,0.666667
3,192.628,0.666667
3,192.764,0.666667
3,192.882,0.666667
3,192.996,0.666667
3,193.115,0.666667
3,193.275,0.666667
3,193.425,0.666667
3,193.558,0.666667
3,193.694,0.666667
3,193.83,0.666667
3,194.016,0.666667
3,194.189,0.666667
3,194.326,0.666667
3,194.456,0.666667
3,194.581,0.666667
3,194.765,0.666667
3,194.929,0.666667
3,195.119,0.666667
3,195.263,0.666667
3,195.445,0.666667
3,195.587,0.666667
3,195.7,0.666667
3,195.855,0.666667
3,195.987,0.666667
3,196.186,0.666667
3,196.325,0.666667
3,196.472,0.666667
3,196.646,0.666667
3,196.719,0.666667
3,196.837,0.666667
3,196.927,0.666667
3,197.064,0.666667
3,197.238,0.666667
3,197.396,0.666667
3,197.567,0.666667
3,197.703,0.666667
3,197.847,0.666667
3,197.979,0.666667
3,198.105,0.666667
3,198.257,0.666667
3,198.34,0.666667
3,198.453,0.666667
3,198.598,0.666667
3,198.767,0.662745
3,198.85,0.657895
3,198.949,0.656566
3,199.038,0.656566
3,199.12,0.656566
3,199.185,0.656566
3,199.278,0.655914
3,199.353,0.649573
3,199.421,0.648649
3,199.502,0.648148
3,199.621,0.647059
3,199.731,0.647059
3,199.857,0.647059
3,199.988,0.647059
3,200.088,0.647059
3,200.232,0.647059
3,200.369,0.647059
3,200.515,0.647059
3,200.679,0.647059
3,200.808,0.647059
3,200.939,0.647059
3,201.095,0.647059
3,201.238,0.647059
3,201.373,0.646465
3,201.485,0.646465
3,201.592,0.646465
3,201.699,0.639386
3,201.764,0.62963
3,201.859,0.627451
3,201.931,0.627451
3,202.028,0.627451
3,202.076,0.625
3,202.147,0.619048
3,202.172,0.611111
3,202.226,0.6
3,202.282,0.6
3,202.349,0.6
3,202.439,0.6
3,202.525,0.6
3,202.587,0.6
3,202.644,0.6
3,202.752,0.6
3,202.831,0.6
3,202.898,0.583333
3,202.962,0.576577
3,203.01,0.571429
3,203.058,0.568627
3,203.117,0.555556
3,203.215,0.555556
3,203.298,0.555556
3,203.381,0.555556
3,203.453,0.555556
3,203.527,0.555556
3,203.638,0.533333
3,203.722,0.533333
3,203.779,0.51952
3,203.885,0.5
3,203.976,0.5
3,204.078,0.5
3,204.183,0.5
3,204.288,0.5
3,204.389,0.5
3,204.526,0.5
3,204.648,0.5
3,204.809,0.5
3,204.894,0.47619
3,204.984,0.47619
3,205.08,0.47619
3,205.124,0.444444
3,205.225,0.444444
3,205.32,0.444444
3,205.405,0.416667
3,205.465,0.333333
3,205.591,0.333333
3,205.716,0.333333
3,205.813,0.333333
3,205.939,0.333333
3,206.034,0.333333
3,206.16,0.333333
3,206.301,0.333333
3,206.415,0.333333
3,206.557,0.333333
3,206.671,0.333333
3,206.804,0.333333
3,206.964,0.333333
3,207.078,0.333333
3,207.189,0.333333
3,207.334,0.333333
3,207.433,0.333333
3,207.534,0.333333
3,207.653,0.333333
3,207.745,0.333333
3,207.899,0.333333
3,208.025,0.333333
3,208.136,0.333333
3,208.28,0.333333
3,208.379,0.333333
3,208.467,0.333333
3,208.582,0.333333
3,208.666,0.333333
3,208.747,0.333333
3,208.845,0.333333
3,208.941,0.333333
3,209.024,0.333333
3,209.107,0.333333
3,209.191,0.333333
3,209.27,0.333333
3,209.348,0.333333
3,209.424,0.333333
3,209.492,0.333333
3,209.585,0.333333
3,209.687,0.333333
3,209.777,0.333333
3,209.848,0.333333
3,209.928,0.333333
3,210.017,0.333333
3,210.098,0.333333
3,210.185,0.333333
3,210.278,0.333333
3,210.364,0.333333
3,210.441,0.333333
3,210.541,0.333333
3,210.627,0.333333
3,210.733,0.333333
3,210.836,0.333333
3,210.924,0.333333
3,211.014,0.333333
3,211.092,0.333333
3,211.194,0.333333
3,211.301,0.333333
3,211.37,0.333333
3,211.459,0.333333
3,211.549,0.333333
3,211.65,0.333333
3,211.757,0.333333
3,211.847,0.333333
3,211.95,0.333333
3,212.032,0.333333
3,212.128,0.333333
3,212.216,0.333333
3,212.31,0.333333
3,212.391,0.333333
3,212.482,0.333333
3,212.573,0.333333
3,212.677,0.333333
3,212.765,0.333333
3,212.858,0.333333
3,212.954,0.333333
3,213.044,0.333333
3,213.124,0.333333
3,213.209,0.333333
3,213.308,0.333333
3,213.397,0.333333
3,213.482,0.333333
3,213.551,0.333333
3,213.633,0.333333
3,213.724,0.333333
3,213.805,0.333333
3,213.883,0.333333
3,213.97,0.333333
3,214.064,0.333333
3,214.144,0.333333
3,214.254,0.333333
3,214.349,0.333333
3,214.454,0.333333
3,214.553,0.333333
3,214.633,0.333333
3,214.738,0.333333
3,214.826,0.333333
3,214.917,0.333333
3,215.003,0.333333
3,215.083,0.333333
3,215.155,0.333333
3,215.244,0.333333
3,215.333,0.333333
3,215.413,0.333333
3,215.507,0.333333
3,215.61,0.333333
3,215.695,0.333333
3,215.791,0.333333
3,215.876,0.333333
3,215.969,0.333333
3,216.055,0.333333
3,216.158,0.333333
3,216.257,0.333333
3,216.349,0.333333
3,216.449,0.333333
3,216.517,0.333333
3,216.601,0.333333
3,216.69,0.333333
3,216.774,0.333333
3,216.866,0.333333
3,216.956,0.333333
3,217.052,0.333333
3,217.145,0.333333
3,217.246,0.333333
3,217.34,0.333333
3,217.437,0.333333
3,217.498,0.333333
3,217.579,0.333333
3,217.691,0.333333
3,217.774,0.333333
3,217.881,0.333333
3,217.959,0.333333
3,218.04,0.333333
3,218.134,0.333333
3,218.221,0.333333
3,218.316,0.333333
3,218.391,0.333333
3,218.468,0.333333
3,218.546,0.333333
3,218.658,0.333333
3,218.755,0.333333
3,218.852,0.333333
3,218.931,0.333333
3,219.011,0.333333
3,219.1,0.333333
3,219.19,0.333333
3,219.269,0.333333
3,219.359,0.333333
3,219.451,0.333333
3,219.541,0.333333
3,219.642,0.333333
3,219.736,0.333333
3,219.826,0.333333
3,219.935,0.333333
3,220.014,0.333333
3,220.115,0.333333
3,220.206,0.333333
3,220.287,0.333333
3,220.374,0.333333
3,220.471,0.333333
3,220.56,0.333333
3,220.655,0.333333
3,220.741,0.333333
3,220.853,0.333333
3,220.949,0.333333
3,221.036,0.333333
3,221.127,0.333333
3,221.229,0.333333
3,221.32,0.333333
3,221.4,0.333333
3,221.495,0.333333
3,221.601,0.333333
3,221.69,0.333333
3,221.77,0.333333
3,221.859,0.333333
3,221.953,0.333333
3,222.07,0.333333
3,222.172,0.333333
3,222.254,0.333333
3,222.349,0.333333
3,222.44,0.333333
3,222.547,0.333333
3,222.648,0.333333
3,222.742,0.333333
3,222.848,0.333333
3,222.947,0.333333
3,223.044,0.333333
3,223.13,0.333333
3,223.228,0.333333
3,223.342,0.333333
3,223.451,0.333333
3,223.543,0.333333
3,223.639,0.333333
3,223.747,0.333333
3,223.85,0.333333
3,223.958,0.333333
3,224.036,0.333333
3,224.151,0.333333
3,224.24,0.333333
3,224.335,0.333333
3,224.426,0.333333
3,224.523,0.333333
3,224.619,0.333333
3,224.728,0.333333
3,224.824,0.333333
3,224.921,0.333333
3,225.004,0.333333
3,225.094,0.333333
3,225.178,0.333333
3,225.278,0.333333
3,225.355,0.333333
3,225.455,0.333333
3,225.56,0.333333
3,225.649,0.333333
3,225.737,0.333333
3,225.82,0.333333
3,225.915,0.333333
3,226.022,0.333333
3,226.119,0.333333
3,226.189,0.333333
3,226.286,0.333333
3,226.363,0.333333
3,226.433,0.333333
3,226.521,0.333333
3,226.637,0.333333
3,226.752,0.333333
3,226.826,0.333333
3,226.915,0.333333
3,227.027,0.333333
3,227.115,0.333333
3,227.214,0.333333
3,227.312,0.333333
3,227.41,0.333333
3,227.505,0.333333
3,227.595,0.333333
3,227.694,0.333333
3,227.784,0.333333
3,227.873,0.333333
3,227.949,0.333333
3,228.072,0.333333
3,228.154,0.333333
3,228.256,0.333333
3,228.361,0.333333
3,228.463,0.333333
3,228.564,0.333333
3,228.625,0.333333
3,228.708,0.333333
3,228.788,0.333333
3,228.867,0.333333
3,228.975,0.333333
3,229.067,0.333333
3,229.153,0.333333
3,229.251,0.333333
3,229.349,0.333333
3,229.447,0.333333
3,229.529,0.333333
3,229.627,0.333333
3,229.715,0.333333
3,229.81,0.333333
3,229.912,0.333333
3,230,0.333333
3,230.105,0.333333
3,230.196,0.333333
3,230.303,0.333333
3,230.395,0.333333
3,230.486,0.333333
3,230.592,0.333333
3,230.69,0.333333
3,230.792,0.333333
3,230.912,0.333333
3,231.028,0.333333
3,231.127,0.333333
3,231.228,0.333333
3,231.335,0.333333
3,231.402,0.333333
3,231.519,0.333333
3,231.586,0.333333
3,231.657,0.333333
3,231.754,0.333333
3,231.841,0.333333
3,231.938,0.333333
3,232.026,0.333333
3,232.128,0.333333
3,232.231,0.333333
3,232.346,0.333333
3,232.42,0.333333
3,232.508,0.333333
3,232.601,0.333333
3,232.699,0.333333
3,232.799,0.333333
3,232.933,0.333333
3,233.018,0.333333
3,233.107,0.333333
3,233.211,0.333333
3,233.286,0.333333
3,233.375,0.333333
3,233.488,0.333333
3,233.592,0.333333
3,233.678,0.333333
3,233.769,0.333333
3,233.868,0.333333
3,233.967,0.333333
3,234.063,0.333333
3,234.198,0.333333
3,234.324,0.333333
3,234.415,0.333333
3,234.525,0.333333
3,234.621,0.333333
3,234.714,0.333333
3,234.809,0.333333
3,234.902,0.333333
3,234.992,0.333333
3,235.084,0.333333
3,235.158,0.333333
3,235.247,0.333333
3,235.353,0.333333
3,235.466,0.333333
3,235.576,0.333333
3,235.67,0.333333
3,235.771,0.333333
3,235.908,0.333333
3,236,0.333333
3,236.086,0.333333
3,236.182,0.333333
3,236.298,0.333333
3,236.407,0.333333
3,236.51,0.333333
3,236.591,0.333333
3,236.69,0.333333
3,236.762,0.333333
3,236.864,0.333333
3,236.946,0.333333
3,237.028,0.333333
3,237.11,0.333333
3,237.234,0.333333
3,237.326,0.333333
3,237.403,0.333333
3,237.509,0.333333
3,237.61,0.333333
3,237.693,0.333333
3,237.794,0.333333
3,237.873,0.333333
3,237.97,0.333333
3,238.084,0.333333
3,238.169,0.333333
3,238.275,0.333333
3,238.385,0.333333
3,238.494,0.333333
3,238.584,0.333333
3,238.665,0.333333
3,238.736,0.333333
3,238.807,0.333333
3,238.898,0.333333
3,238.976,0.333333
3,239.075,0.333333
3,239.177,0.333333
3,239.269,0.333333
3,239.356,0.333333
3,239.456,0.333333
3,239.539,0.333333
3,239.622,0.333333
3,239.717,0.333333
3,239.818,0.333333
3,239.917,0.333333
3,239.99,0.333333
3,240.085,0.333333
3,240.22,0.333333
3,240.315,0.333333
3,240.415,0.333333
3,240.508,0.333333
3,240.606,0.333333
3,240.704,0.333333
3,240.819,0.333333
3,240.894,0.333333
3,241.005,0.333333
3,241.078,0.333333
3,241.175,0.333333
3,241.303,0.333333
3,241.392,0.333333
3,241.489,0.333333
3,241.612,0.333333
3,241.705,0.333333
3,241.832,0.333333
3,241.92,0.333333
3,242.005,0.333333
3,242.104,0.333333
3,242.203,0.333333
3,242.299,0.333333
3,242.402,0.333333
3,242.492,0.333333
3,242.579,0.333333
3,242.688,0.333333
3,242.805,0.333333
3,242.894,0.333333
3,242.974,0.333333
3,243.073,0.333333
3,243.163,0.333333
3,243.258,0.333333
3,243.351,0.333333
3,243.446,0.333333
3,243.542,0.333333
3,243.633,0.333333
3,243.731,0.333333
3,243.823,0.333333
3,243.909,0.333333
3,244.04,0.333333
3,244.171,0.333333
3,244.281,0.333333
3,244.373,0.333333
3,244.465,0.333333
3,244.567,0.333333
3,244.656,0.333333
3,244.774,0.333333
3,244.883,0.333333
3,244.958,0.333333
3,245.044,0.333333
3,245.144,0.333333
3,245.242,0.333333
3,245.346,0.333333
3,245.462,0.333333
3,245.591,0.333333
3,245.7,0.333333
3,245.816,0.333333
3,245.897,0.333333
3,245.974,0.333333
3,246.09,0.333333
3,246.2,0.333333
3,246.278,0.333333
3,246.386,0.333333
3,246.523,0.333333
3,246.632,0.333333
3,246.734,0.333333
3,246.83,0.333333
3,246.92,0.333333
3,247.037,0.333333
3,247.154,0.333333
3,247.28,0.333333
3,247.379,0.333333
3,247.487,0.333333
3,247.563,0.333333
3,247.651,0.333333
3,247.744,0.333333
3,247.835,0.333333
3,247.929,0.333333
3,248.019,0.333333
3,248.123,0.333333
3,248.228,0.333333
3,248.351,0.333333
3,248.458,0.333333
3,248.558,0.333333
3,248.667,0.333333
3,248.777,0.333333
3,248.875,0.333333
3,248.969,0.333333
3,249.161,0.333333
3,249.267,0.333333
3,249.402,0.333333
3,249.498,0.333333
3,249.6,0.333333
3,249.716,0.333333
3,249.795,0.333333
3,249.953,0.333333
3,250.054,0.333333
3,250.162,0.333333
3,250.268,0.333333
3,250.368,0.333333
3,250.456,0.333333
3,250.557,0.333333
3,250.674,0.333333
3,250.777,0.333333
3,250.871,0.333333
3,250.968,0.333333
3,251.085,0.333333
3,251.199,0.333333
3,251.289,0.333333
3,251.388,0.333333
3,251.477,0.333333
3,251.608,0.333333
3,251.721,0.333333
3,251.808,0.333333
3,251.913,0.333333
3,252.057,0.333333
3,252.137,0.333333
3,252.239,0.333333
3,252.336,0.333333
3,252.448,0.333333
3,252.542,0.333333
3,252.658,0.333333
3,252.748,0.333333
3,252.866,0.333333
3,252.967,0.333333
3,253.061,0.333333
3,253.2,0.333333
3,253.303,0.333333
3,253.397,0.333333
3,253.497,0.333333
3,253.626,0.333333
3,253.736,0.333333
3,253.842,0.333333
3,253.967,0.333333
3,254.05,0.333333
3,254.173,0.333333
3,254.287,0.333333
3,254.419,0.333333
3,254.547,0.333333
3,254.637,0.333333
3,254.771,0.333333
3,254.86,0.333333
3,254.993,0.333333
3,255.091,0.333333
3,255.182,0.333333
3,255.305,0.333333
3,255.437,0.333333
3,255.551,0.333333
3,255.649,0.333333
3,255.811,0.333333
3,255.912,0.333333
3,256.047,0.333333
3,256.181,0.333333
3,256.289,0.333333
3,256.397,0.333333
3,256.516,0.333333
3,256.609,0.333333
3,256.726,0.333333
3,256.84,0.333333
3,257.007,0.333333
3,257.114,0.333333
3,257.197,0.333333
3,257.299,0.333333
3,257.422,0.333333
3,257.518,0.333333
3,257.638,0.333333
3,257.749,0.333333
3,257.878,0.333333
3,257.956,0.333333
3,258.082,0.333333
3,258.172,0.333333
3,258.255,0.333333
3,258.355,0.333333
3,258.447,0.333333
3,258.587,0.333333
3,258.697,0.333333
3,258.796,0.333333
3,258.904,0.333333
3,259.017,0.333333
3,259.121,0.333333
3,259.23,0.333333
3,259.329,0.333333
3,259.422,0.333333
3,259.517,0.333333
3,259.62,0.333333
3,259.755,0.333333
3,259.863,0.333333
3,259.961,0.333333
3,260.117,0.333333
3,260.232,0.333333
3,260.357,0.333333
3,260.46,0.333333
3,260.567,0.333333
3,260.677,0.333333
3,260.77,0.333333
3,260.878,0.333333
3,260.976,0.333333
3,261.062,0.333333
3,261.159,0.333333
3,261.269,0.333333
3,261.356,0.333333
3,261.466,0.333333
3,261.599,0.333333
3,261.68,0.333333
3,261.781,0.333333
3,261.875,0.333333
3,261.948,0.333333
3,262.059,0.333333
3,262.222,0.333333
3,262.319,0.333333
3,262.415,0.333333
3,262.528,0.333333
3,262.628,0.333333
3,262.721,0.333333
3,262.836,0.333333
3,262.943,0.333333
3,263.043,0.333333
3,263.191,0.333333
3,263.327,0.333333
3,263.428,0.333333
3,263.564,0.333333
3,263.69,0.333333
3,263.787,0.333333
3,263.88,0.333333
3,263.98,0.333333
3,264.082,0.333333
3,264.235,0.333333
3,264.346,0.333333
3,264.485,0.333333
3,264.601,0.333333
3,264.728,0.333333
3,264.841,0.333333
3,264.946,0.333333
3,265.085,0.333333
3,265.222,0.333333
3,265.309,0.333333
3,265.419,0.333333
3,265.505,0.333333
3,265.618,0.333333
3,265.751,0.333333
3,265.867,0.333333
3,265.99,0.333333
3,266.092,0.333333
3,266.213,0.333333
3,266.361,0.333333
3,266.488,0.333333
3,266.605,0.333333
3,266.706,0.333333
3,266.817,0.333333
3,266.925,0.333333
3,267.033,0.333333
3,267.118,0.333333
3,267.178,0.333333
3,267.256,0.333333
3,267.34,0.333333
3,267.41,0.333333
3,267.48,0.333333
3,267.599,0.333333
3,267.711,0.333333
3,267.796,0.333333
3,267.868,0.333333
3,267.975,0.333333
3,268.144,0.333333
3,268.258,0.333333
3,268.391,0.333333
3,268.503,0.333333
3,268.6,0.333333
3,268.681,0.333333
3,268.78,0.333333
3,268.863,0.333333
3,268.939,0.333333
3,269.048,0.333333
3,269.16,0.333333
3,269.273,0.333333
3,269.404,0.333333
3,269.508,0.333333
3,269.657,0.333333
3,269.821,0.333333
3,269.971,0.333333
3,270.058,0.333333
3,270.166,0.333333
3,270.266,0.333333
3,270.372,0.333333
3,270.491,0.333333
3,270.58,0.333333
3,270.696,0.333333
3,270.818,0.333333
3,270.937,0.333333
3,271.035,0.333333
3,271.164,0.333333
3,271.286,0.333333
3,271.47,0.333333
3,271.613,0.333333
3,271.703,0.333333
3,271.839,0.333333
3,271.946,0.333333
3,272.063,0.333333
3,272.208,0.333333
3,272.32,0.333333
3,272.42,0.333333
3,272.532,0.333333
3,272.634,0.333333
3,272.706,0.333333
3,272.822,0.333333
3,272.953,0.333333
3,273.092,0.333333
3,273.19,0.333333
3,273.28,0.333333
3,273.366,0.333333
3,273.487,0.333333
3,273.555,0.333333
3,273.635,0.333333
3,273.758,0.333333
3,273.871,0.333333
3,273.969,0.333333
3,274.083,0.333333
3,274.207,0.333333
3,274.338,0.333333
3,274.442,0.333333
3,274.681,0.333333
3,274.77,0.333333
3,274.86,0.333333
3,274.963,0.333333
3,275.038,0.333333
3,275.127,0.333333
3,275.219,0.333333
3,275.364,0.333333
3,275.461,0.333333
3,275.542,0.333333
3,275.641,0.333333
3,275.726,0.333333
3,275.821,0.333333
3,275.918,0.333333
3,276.025,0.333333
3,276.132,0.333333
3,276.226,0.333333
3,276.301,0.333333
3,276.401,0.333333
3,276.497,0.333333
3,276.586,0.333333
3,276.696,0.333333
3,276.817,0.333333
3,276.913,0.333333
3,277.05,0.333333
3,277.152,0.333333
3,277.25,0.333333
3,277.366,0.333333
3,277.511,0.333333
3,277.638,0.333333
3,277.745,0.333333
3,277.851,0.333333
3,277.953,0.333333
3,278.065,0.333333
3,278.183,0.333333
3,278.299,0.333333
3,278.435,0.333333
3,278.537,0.333333
3,278.652,0.333333
3,278.814,0.333333
3,278.913,0.333333
3,279.028,0.333333
3,279.152,0.333333
3,279.284,0.333333
3,279.383,0.333333
3,279.501,0.333333
3,279.644,0.333333
3,279.751,0.333333
3,279.858,0.333333
3,279.963,0.333333
3,280.057,0.333333
3,280.158,0.333333
3,280.243,0.331429
3,280.324,0.330159
3,280.411,0.328571
3,280.515,0.328205
3,280.59,0.324561
3,280.653,0.324074
3,280.742,0.324074
3,280.835,0.324074
3,280.909,0.324074
3,280.997,0.324074
3,281.068,0.324074
3,281.158,0.324074
3,281.244,0.32381
3,281.329,0.32381
3,281.409,0.32381
3,281.494,0.32381
3,281.583,0.32381
3,281.675,0.32381
3,281.754,0.32381
3,281.854,0.32381
3,281.939,0.32381
3,282.023,0.32381
3,282.108,0.32381
3,282.207,0.32381
3,282.292,0.32381
3,282.388,0.32381
3,282.474,0.32381
3,282.573,0.32381
3,282.659,0.32381
3,282.753,0.32381
3,282.836,0.32381
3,282.92,0.32381
3,283.017,0.32381
3,283.117,0.32381
3,283.203,0.32381
3,283.293,0.32381
3,283.378,0.32381
3,283.471,0.32381
3,283.559,0.32381
3,283.653,0.32381
3,283.746,0.32381
3,283.839,0.32381
3,283.925,0.32381
3,284.006,0.32381
3,284.098,0.323529
3,284.204,0.323529
3,284.299,0.323529
3,284.4,0.323529
3,284.495,0.323529
3,284.608,0.323529
3,284.693,0.323529
3,284.783,0.323529
3,284.877,0.323529
3,284.962,0.323529
3,285.04,0.323529
3,285.125,0.323529
3,285.235,0.323529
3,285.32,0.323232
3,285.368,0.321429
3,285.415,0.31746
3,285.492,0.315315
3,285.522,0.314286
3,285.553,0.314286
3,285.61,0.313725
3,285.669,0.3125
3,285.751,0.3
3,285.83,0.299074
3,285.885,0.296296
3,285.948,0.296296
3,285.987,0.291667
3,286.06,0.285714
3,286.133,0.285714
3,286.207,0.277778
3,286.28,0.266667
3,286.371,0.266667
3,286.458,0.266667
3,286.539,0.266667
3,286.615,0.266667
3,286.688,0.266667
3,286.777,0.266667
3,286.86,0.266667
3,286.942,0.266667
3,287.015,0.266667
3,287.094,0.266667
3,287.181,0.266667
3,287.257,0.266667
3,287.324,0.266667
3,287.396,0.266667
3,287.463,0.266667
3,287.55,0.266667
3,287.633,0.266667
3,287.713,0.266667
3,287.789,0.266667
3,287.874,0.266667
3,287.948,0.266667
3,288.025,0.266667
3,288.105,0.266667
3,288.187,0.266667
3,288.266,0.266667
3,288.36,0.266667
3,288.443,0.266667
3,288.508,0.266667
3,288.599,0.266667
3,288.666,0.266667
3,288.754,0.266667
3,288.843,0.266667
3,288.935,0.266667
3,289.008,0.266667
3,289.087,0.266667
3,289.181,0.266667
3,289.269,0.266667
3,289.342,0.266667
3,289.39,0.262963
3,289.466,0.261111
3,289.555,0.26087
3,289.616,0.253561
3,289.694,0.25
3,289.78,0.25
3,289.866,0.25
3,289.946,0.25
3,290.027,0.25
3,290.092,0.25
3,290.172,0.25
3,290.26,0.25
3,290.321,0.25
3,290.396,0.25
3,290.478,0.25
3,290.559,0.25
3,290.631,0.25
3,290.705,0.25
3,290.784,0.25
3,290.854,0.25
3,290.916,0.25
3,290.976,0.25
3,291.058,0.25
3,291.136,0.25
3,291.224,0.25
3,291.288,0.25
3,291.374,0.247685
3,291.446,0.24537
3,291.517,0.24537
3,291.583,0.243056
3,291.627,0.238095
3,291.686,0.222222
3,291.769,0.222222
3,291.846,0.222222
3,291.912,0.222222
3,291.983,0.222222
3,292.054,0.222222
3,292.12,0.222222
3,292.196,0.222222
3,292.262,0.222222
3,292.331,0.222222
3,292.398,0.222222
3,292.453,0.222222
3,292.518,0.222222
3,292.577,0.222222
3,292.641,0.222222
3,292.708,0.222222
3,292.772,0.210526
3,292.809,0.2
3,292.844,0.190805
3,292.863,0.190805
3,292.894,0.166667
3,292.971,0.166667
3,293.026,0.166667
3,293.11,0.166667
3,293.178,0.166667
3,293.253,0.166667
3,293.331,0.166667
3,293.399,0.166667
3,293.476,0.166667
3,293.564,0.166667
3,293.654,0.166667
3,293.718,0.166667
3,293.797,0.166667
3,293.857,0.166667
3,293.925,0.166667
3,294.006,0.166667
3,294.096,0.166667
3,294.18,0.166667
3,294.257,0.166667
3,294.336,0.166667
3,294.443,0.166667
3,294.524,0.166667
3,294.629,0.166667
3,294.718,0.166667
3,294.784,0.166667
3,294.848,0.166667
3,294.933,0.166667
3,294.996,0.133333
3,295.017,0.102564
3,295.043,0.0952381
